var l11=[["11 Tunnel","Klostertorv",18],
[5,15,36,53],
[6,3,19,37,49],
[7,4,19,37,52],
[8,11,31,51],
[9,11,31,51],
[10,11,31,50],
[11,10,30,50],
[12,10,30,50],
[13,10,29,49],
[14,9,29,49],
[15,9,29,49],
[16,14,44],
[17,14,45],
[18,16,48],
[19,18,48],
[20,18,50],
[21,20,50],
[22,20,51],
[23,21,51],
[0],
[5],
[6,14,44],
[7,14,43],
[8,13,43],
[9,11,31,51],
[10,9,29,49],
[11,9,29,49],
[12,9,29,49],
[13,9,29,49],
[14,9,29,49],
[15,9,29,49],
[16,16,46],
[17,16,46],
[18,18,50],
[19,20,50],
[20,20,50],
[21,20,50],
[22,20,51],
[23,21,51],
[0],
[5],
[6,14,51],
[7,21,51],
[8,21,50],
[9,20,50],
[10,20,48],
[11,18,52],
[12,22,52],
[13,22,52],
[14,22,52],
[15,22,52],
[16,22,42],
[17,22,54],
[18,20,50],
[19,20,50],
[20,20,50],
[21,20,50],
[22,20,51],
[23,21,51],
[0]];
var r11=[["11 Klostertorv","Tunnel",18],
[5,51],
[6,21,52],
[7,12,32,47],
[8,2,17,32,47],
[9,2,22,42],
[10,2,22,42],
[11,2,22,42],
[12,2,22,42],
[13,2,22,42],
[14,3,23,43],
[15,2,22,42],
[16,2,22,43],
[17,3,22,42],
[18,2,25,55],
[19,25,54],
[20,24,54],
[21,24,54],
[22,24,54],
[23,24,54],
[0,24],
[5],
[6,51],
[7,21,51],
[8,21,51],
[9,21,46],
[10,7,27,47],
[11,7,27,47],
[12,7,27,47],
[13,7,27,47],
[14,7,27,47],
[15,7,27,47],
[16,7,27,47],
[17,7,27,55],
[18,25,54],
[19,24,54],
[20,24,54],
[21,24,54],
[22,24,54],
[23,24,54],
[0,24],
[5],
[6,54],
[7,24,54],
[8,24,54],
[9,24,54],
[10,24,49],
[11,19,49],
[12,19,49],
[13,19,50],
[14,20,50],
[15,20,50],
[16,20,50],
[17,25,55],
[18,25,55],
[19,24,54],
[20,24,54],
[21,24,54],
[22,24,54],
[23,24,54],
[0,24]];
var l12=[["12 Tunnel","Mølleparken",21],
[5,21,55],
[6,26,51],
[7,21,51],
[8,26,56],
[9,26,56],
[10,26,55],
[11,25,55],
[12,25,56],
[13,26,56],
[14,23,53],
[15,23,53],
[16,23,56],
[17,37],
[18,37],
[19,40],
[20,42],
[21,42],
[22,42],
[23,42],
[0],
[5],
[6,42],
[7,42],
[8,31],
[9,1,26,56],
[10,26,56],
[11,26,56],
[12,26,56],
[13,26,56],
[14,26,56],
[15,37],
[16,37],
[17,37],
[18,37],
[19,42],
[20,42],
[21,42],
[22,42],
[23,42],
[0],
[5],
[6,42],
[7,42],
[8,42],
[9,42],
[10,42],
[11,40],
[12,40],
[13,40],
[14,37],
[15,37],
[16,37],
[17,40],
[18,40],
[19,42],
[20,42],
[21,42],
[22,42],
[23,42],
[0]];
var r12=[["12 Mølleparken","Tunnel",21],
[5,54],
[6,34],
[7,5,35],
[8,5,35],
[9,4,34],
[10,4,34],
[11,4,34],
[12,1,31],
[13,1,31],
[14,1,31],
[15,1,31],
[16,1,31],
[17,1,48],
[18,48],
[19,48],
[20,48],
[21,48],
[22,48],
[23,48],
[0,48],
[5],
[6,48],
[7,48],
[8,48],
[9,48],
[10,34],
[11,4,34],
[12,4,34],
[13,4,34],
[14,4,34],
[15,4,34],
[16,4,48],
[17,48],
[18,48],
[19,48],
[20,48],
[21,48],
[22,48],
[23,48],
[0,48],
[5],
[6,48],
[7,48],
[8,48],
[9,48],
[10,48],
[11,48],
[12,48],
[13,48],
[14,48],
[15,48],
[16,48],
[17,48],
[18,48],
[19,48],
[20,48],
[21,48],
[22,48],
[23,48],
[0,48]];
var l15=[["15 Tunnel","Mølleparken",23],
[5,13],
[6,7,34],
[7,1,31],
[8,4,35],
[9,5,35],
[10,5,35],
[11,4,34],
[12,4,34],
[13,3,33],
[14,3,33],
[15,3,33],
[16,3,34],
[17,4,35],
[18,25],
[19,27],
[20,27],
[21,28],
[22,28],
[23,28],
[0],
[5],
[6,27],
[7,27],
[8,27],
[9,5,35],
[10,5,35],
[11,5,34],
[12,4,34],
[13,4,34],
[14,4,34],
[15,4,34],
[16,22],
[17,23],
[18,27],
[19,27],
[20,27],
[21,27],
[22,28],
[23,28],
[0],
[5],
[6,27],
[7,27],
[8,27],
[9,26],
[10,26],
[11,26],
[12,26],
[13,26],
[14,26],
[15,26],
[16,26],
[17,26],
[18,27],
[19,27],
[20,27],
[21,27],
[22,28],
[23,28],
[0]];
var r15=[["15 Mølleparken","Tunnel",23],
[5,33],
[6,33],
[7,17,47],
[8,17,47],
[9,17,47],
[10,17,47],
[11,17,47],
[12,17,47],
[13,17,47],
[14,17,47],
[15,17,47],
[16,17,47],
[17,17,47],
[18,17,49],
[19,49],
[20,49],
[21,49],
[22,49],
[23,49],
[0],
[5],
[6,49],
[7,49],
[8,49],
[9,49],
[10,17,47],
[11,17,47],
[12,17,47],
[13,17,47],
[14,17,47],
[15,17,47],
[16,17,47],
[17,49],
[18,49],
[19,49],
[20,49],
[21,49],
[22,49],
[23,49],
[0],
[5],
[6,49],
[7,49],
[8,49],
[9,49],
[10,49],
[11,49],
[12,49],
[13,49],
[14,49],
[15,49],
[16,49],
[17,49],
[18,49],
[19,49],
[20,49],
[21,49],
[22,49],
[23,49],
[0]];
var l6A=[["6A Silkeborgvej","Skåde",24],
[5],
[6,3,25,40,54],
[7,9,21,33,45,57],
[8,10,25,40],
[9,0,20,40],
[10,0,20,40],
[11,0,20,40],
[12,0,20,40],
[13,0,20,40,55],
[14,9,21,33,43,55],
[15,7,21,33,45,57],
[16,7,22,40,55],
[17,10,25,55],
[18,25,55],
[19,25,55],
[20,25,55],
[21,25,55],
[22,25,55],
[23,25,55],
[0,25],
[5],
[6,25,55],
[7,25,55],
[8,25,55],
[9,20,40],
[10,0,20,40],
[11,0,20,40],
[12,0,20,40],
[13,0,20,40],
[14,0,20,40],
[15,0,20,40],
[16,0,25,55],
[17,25,55],
[18,25,55],
[19,25,55],
[20,25,55],
[21,25,55],
[22,25,55],
[23,25,55],
[0,25],
[5],
[6,55],
[7,25,55],
[8,25,55],
[9,25,55],
[10,25,55],
[11,25,55],
[12,25,55],
[13,25,55],
[14,25,55],
[15,25,55],
[16,25,55],
[17,25,55],
[18,25,55],
[19,25,55],
[20,25,55],
[21,25,55],
[22,25,55],
[23,25,55],
[0,25]];
var r6A=[["6A Skåde","Silkeborgvej",24],
[5,13,57],
[6,26,41,52],
[7,2,14,26,38,50],
[8,4,16,29,49],
[9,9,29,49],
[10,9,31,51],
[11,11,31,49],
[12,9,29,49],
[13,9,28,40,52],
[14,3,15,27,39,51],
[15,3,15,27,39,52],
[16,4,16,29,44],
[17,1,18,41],
[18,12,42],
[19,12,42],
[20,12,42],
[21,13,43],
[22,13,43],
[23,13,43],
[0],
[5,43],
[6,13,43],
[7,13,43],
[8,13,43],
[9,13,32,52],
[10,12,31,51],
[11,11,31,51],
[12,11,31,51],
[13,11,31,51],
[14,11,31,51],
[15,11,31,51],
[16,11,41],
[17,11,42],
[18,12,42],
[19,12,43],
[20,13,43],
[21,13,43],
[22,13,43],
[23,13,43],
[0],
[5],
[6,11,43],
[7,13,43],
[8,13,43],
[9,13,42],
[10,12,42],
[11,12,41],
[12,11,41],
[13,11,41],
[14,11,41],
[15,11,41],
[16,11,41],
[17,11,42],
[18,12,42],
[19,12,43],
[20,13,43],
[21,13,43],
[22,13,43],
[23,13,43],
[0]];
